frame,hip_x,hip_y,knee_x,knee_y,ankle_x,ankle_y,left_hip_x,left_hip_y,left_knee_x,left_knee_y,plant_foot_x,plant_foot_y,ball_pos_x,ball_pos_y,knee_angle,plant_foot_distance
0,539.6111869812012,388.2151222229004,386.12709045410156,488.69534969329834,232.64299392700195,589.1755771636963,612.1512222290039,393.1627678871155,754.0350151062012,548.1392598152161,796.9851493835449,785.6894016265869,756.0,816.0,179.9995583059987,6.838194254936037
1,539.5075607299805,385.17089009284973,386.2029504776001,490.36024510860443,232.89834022521973,595.5496001243591,610.8976936340332,389.97923254966736,753.9268112182617,546.611430644989,796.5913581848145,785.7286691665649,756.0,816.0,179.99956418053992,6.792643860678666
2,539.4079399108887,383.0157780647278,386.2427043914795,490.8940100669861,233.0774688720703,598.7722420692444,610.1969718933105,387.90629267692566,753.7933731079102,545.3733444213867,796.3547515869141,785.6948733329773,756.0,816.0,179.99956748548396,6.769948248754629
3,539.4063949584961,381.26747131347656,387.42812633514404,492.21883893013,235.449857711792,603.1702065467834,609.7619819641113,385.8016812801361,753.746509552002,544.4088435173035,795.9367561340332,785.4053235054016,756.0,816.0,179.9995693848072,6.667435754770079
4,539.6578216552734,379.59911584854126,392.03577518463135,492.1465802192688,244.41372871398926,604.6940445899963,609.5536994934082,383.9064109325409,753.7899971008301,544.3626880645752,795.9970092773438,786.088707447052,756.0,816.0,179.99956349950827,6.699862675523126
5,541.0388374328613,379.0484690666199,547.9113006591797,603.9385628700256,250.80937385559082,606.8238258361816,609.7565460205078,383.5808765888214,754.5216178894043,544.7305798530579,795.9762382507324,786.4795804023743,756.0,814.0,88.80603336741746,6.510553454586769
6,544.551887512207,378.7546706199646,551.6152954101562,604.1417241096497,255.32898902893066,610.530424118042,611.667423248291,383.22206139564514,754.9780082702637,545.2193641662598,796.1056137084961,786.8015098571777,758.0,818.0,89.44024824479683,6.449166893875715
7,546.6570854187012,378.5295259952545,549.4878959655762,604.1897463798523,257.0112419128418,612.2312879562378,613.0969047546387,383.02929639816284,755.504322052002,545.559253692627,796.1698150634766,786.9765400886536,756.0,816.0,90.85621705245546,6.647997190973282
8,550.5100250244141,378.5942530632019,554.4774627685547,604.2929363250732,259.80677604675293,615.2994990348816,614.2461204528809,382.9667258262634,755.8171463012695,545.6769919395447,796.1404037475586,787.0517921447754,758.0,820.0,91.13205354790354,6.446657296697279
9,554.5046424865723,377.99185037612915,557.4220848083496,602.557053565979,263.11540603637695,621.5708470344543,615.6315994262695,382.76153683662415,756.7115020751953,545.8088278770447,796.2218856811523,787.0609331130981,756.0,816.0,92.95216106718566,6.6470421568875935
10,556.2534141540527,376.42433524131775,560.1176834106445,599.4157791137695,274.5046806335449,625.068941116333,616.2167358398438,382.3007869720459,758.3500099182129,545.9353852272034,796.2131309509277,787.1074104309082,760.0,818.0,94.13962286111966,6.088349176609133
11,558.9934730529785,375.9070658683777,570.5760383605957,597.9514217376709,282.63742446899414,632.8443646430969,617.0528984069824,382.2263717651367,759.1966438293457,545.9483242034912,796.1994552612305,787.1070885658264,758.0,818.0,93.92348928582435,6.35775431458345
12,559.8755264282227,375.02103567123413,568.1466293334961,597.7376389503479,285.3453540802002,635.3064393997192,617.1823883056641,381.9302237033844,760.0286293029785,545.9810256958008,796.1542510986328,787.252185344696,756.0,816.0,95.44032822952923,6.544896014283334
13,561.5691947937012,374.830105304718,576.7730140686035,596.2450218200684,287.3276138305664,640.1479339599609,618.372802734375,381.9542992115021,761.1829948425293,545.9783864021301,796.2947845458984,787.7740573883057,756.0,816.0,94.69670619106661,6.599636674154515
14,561.3577079772949,373.4788191318512,584.2377662658691,594.1792273521423,292.7698802947998,647.9708003997803,618.3388710021973,381.2741982936859,761.9474601745605,545.9687304496765,796.7045402526855,788.6427068710327,758.0,816.0,94.53778733609218,6.281512385065163
15,561.5435028076172,373.15537691116333,599.7612190246582,589.712061882019,308.7528991699219,652.4834132194519,617.7375984191895,380.72213530540466,763.2617568969727,545.9310078620911,797.5582122802734,789.1924524307251,758.0,816.0,92.16392132817329,6.333077361514962
16,562.2895431518555,371.8898355960846,614.4948577880859,585.525176525116,317.37539291381836,657.1831583976746,616.9183158874512,379.6493911743164,764.4760894775391,545.3869271278381,798.3662796020508,789.3389010429382,760.0,818.0,89.82735511471624,6.125435608569546
17,562.4431800842285,371.47279500961304,610.2511024475098,585.0148916244507,319.48851585388184,658.2597970962524,616.5078163146973,379.16086435317993,764.9792289733887,544.9469375610352,798.6061477661133,789.3993473052979,760.0,818.0,91.51967146624953,6.145437058706873
18,562.375545501709,368.77118825912476,619.325122833252,581.093544960022,330.98962783813477,660.1915669441223,614.9582862854004,377.065554857254,765.5396461486816,544.3883728981018,798.4938812255859,789.3314981460571,760.0,818.0,90.325765812574,6.139084381963668
19,563.4381866455078,365.0506854057312,627.3774147033691,576.3884568214417,336.41180992126465,661.9412899017334,612.7866554260254,375.1653277873993,767.109260559082,544.2852473258972,797.7733612060547,789.1533780097961,758.0,820.0,89.55201890334291,6.437971669908017
20,565.3391075134277,364.21744108200073,640.3186798095703,574.49383020401,350.75560569763184,663.6639761924744,611.268310546875,374.4001257419586,768.263053894043,544.3128633499146,797.0333290100098,789.3137955665588,760.0,818.0,87.49104209318712,5.991681854211273
21,567.7009963989258,363.2846760749817,652.8267860412598,571.7725896835327,353.1248188018799,669.7280430793762,605.1596260070801,374.0509021282196,767.4638557434082,544.6517872810364,796.6143035888672,789.7347950935364,760.0,818.0,85.88937669921852,5.916342754611382
22,569.4110870361328,362.69859194755554,656.0967063903809,569.5707750320435,355.8719730377197,671.3670444488525,602.9814720153809,373.7273955345154,765.9835624694824,544.8125267028809,796.3589286804199,789.7284865379333,760.0,818.0,85.99495800553143,5.891015681459604
23,569.0836715698242,362.01340556144714,658.8123893737793,568.8581657409668,370.73309898376465,671.9854116439819,603.4714508056641,372.4430251121521,766.9428062438965,544.9927711486816,795.933780670166,789.4702863693237,756.0,818.0,86.24538697060976,6.426882706036522
24,568.9297485351562,361.8843376636505,649.9011611938477,577.1524357795715,379.16808128356934,676.8015432357788,603.5739326477051,371.35425209999084,768.0773735046387,545.1305937767029,795.3973960876465,788.6609244346619,760.0,818.0,89.59382098820657,5.880601682388349
25,568.8521003723145,361.7232120037079,651.0076904296875,582.6247215270996,387.49271392822266,678.7445783615112,603.929386138916,370.2149784564972,768.5004615783691,545.0163960456848,794.4929122924805,787.749981880188,756.0,818.0,89.63927641947002,6.411009024635334
26,568.8745307922363,360.45619010925293,678.885612487793,566.5773010253906,395.3671073913574,683.8670611381531,604.0599632263184,368.02314162254333,768.4782028198242,544.9416589736938,794.2882919311523,786.3301706314087,760.0,818.0,84.38480237349168,5.9702080783238785
27,568.9008522033691,359.51331853866577,681.6266441345215,559.9354219436646,395.27026176452637,686.884868144989,604.2703628540039,366.30940318107605,768.0344581604004,544.7172546386719,794.2901229858398,784.070098400116,760.0,818.0,84.5537656708842,6.170170456340767
28,568.7945938110352,358.62648367881775,693.5114479064941,552.8145432472229,413.66320610046387,690.2355480194092,605.518741607666,364.6756160259247,769.1190719604492,544.7676587104797,793.4809684753418,783.2730317115784,760.0,818.0,83.4430824124181,6.170020405700231
29,568.7690162658691,358.22688817977905,690.8260917663574,567.6735734939575,420.73001861572266,697.6898145675659,606.7763900756836,364.113929271698,769.1439056396484,545.634183883667,793.4059524536133,783.3464169502258,756.0,818.0,85.47287823618234,6.677385173434835
30,568.7505340576172,357.71830916404724,697.0630073547363,570.0462341308594,429.3266773223877,704.6944999694824,607.2613906860352,363.9669334888458,768.4499359130859,547.2127389907837,793.3645248413086,784.3561720848083,756.0,818.0,85.55334519250054,6.5842029874431525
31,568.8873481750488,357.6001524925232,704.4812393188477,570.1491665840149,441.872034072876,708.3035731315613,609.1598510742188,364.1242289543152,767.7105331420898,548.399133682251,793.3748817443848,784.7513580322266,756.0,818.0,85.21261995791944,6.550700912704878
32,569.2294120788574,356.898068189621,707.3835182189941,568.0481600761414,444.90729331970215,708.2657217979431,610.803108215332,364.2325687408447,766.8240165710449,550.8952617645264,793.6716842651367,785.0249433517456,756.0,818.0,84.91514397012472,6.556138709506985
33,569.9151992797852,356.92455768585205,708.0117988586426,566.9654059410095,458.6287593841553,710.5872058868408,614.6414566040039,365.3793740272522,766.4028739929199,553.9717769622803,793.7174034118652,785.7698035240173,756.0,818.0,86.61408541083392,6.496859068943755
34,570.6352615356445,357.121217250824,710.0268173217773,567.0081496238708,474.8502445220947,711.2908673286438,620.2098655700684,365.70436120033264,765.9028244018555,553.8480520248413,793.8055229187012,786.0918617248535,756.0,816.0,87.94024446387421,6.4665692955677505
35,570.9867095947266,357.72693514823914,709.3429756164551,566.3089299201965,487.07433700561523,714.6875095367432,624.0035820007324,366.8702530860901,765.8805656433105,553.7671995162964,793.9376449584961,786.9111371040344,756.0,816.0,90.16860638688127,6.413018538995892
36,571.1264991760254,357.76485085487366,710.958423614502,561.0944581031799,496.3015937805176,721.0124158859253,627.0612716674805,366.883385181427,762.7328109741211,553.6150217056274,794.6217155456543,787.3052287101746,756.0,816.0,92.1691582024064,6.4544143979090105
37,571.5716171264648,357.758252620697,712.7003860473633,559.2394208908081,497.7755355834961,723.4644484519958,627.216968536377,366.89613103866577,761.0100173950195,553.2813119888306,795.1284599304199,787.4030113220215,756.0,816.0,92.37403930561858,6.501358032011859
38,572.4801635742188,357.3735272884369,717.0490837097168,559.7780299186707,505.78250885009766,727.5697088241577,630.3475570678711,366.5167808532715,760.4287719726562,551.7024350166321,796.1297035217285,787.5083255767822,758.0,816.0,92.92062417369296,6.233181748735727
39,574.0046882629395,356.95310711860657,720.3424072265625,559.206268787384,516.6610908508301,732.1667790412903,632.7834892272949,366.04180455207825,759.1519546508789,550.411434173584,797.0626258850098,788.4149551391602,758.0,816.0,94.44984647625094,6.2622401272885275
40,574.7874069213867,356.9370460510254,724.3920707702637,554.2947363853455,527.9449081420898,738.680169582367,635.1390838623047,365.6899416446686,758.1721687316895,549.3240451812744,797.5221061706543,789.3170142173767,756.0,818.0,96.0224180502571,6.60861926752534
41,575.8802604675293,356.9458329677582,729.0442657470703,547.2680997848511,538.3784294128418,744.9678039550781,637.2432518005371,365.47709226608276,755.1584815979004,547.8044557571411,797.7926445007324,789.6970081329346,756.0,818.0,97.21182973975985,6.609768058926203
42,576.7135047912598,356.9256842136383,730.2656364440918,542.5104188919067,540.3542518615723,747.0314741134644,638.1998062133789,365.2190852165222,755.1444053649902,546.5920543670654,797.9450798034668,789.9132370948792,756.0,818.0,97.51701903240095,6.610509356791324
43,578.049201965332,357.00650453567505,736.5560531616211,536.5395963191986,549.8647499084473,748.1330251693726,639.2078018188477,365.22008299827576,755.3203582763672,543.1446862220764,797.9761505126953,789.869270324707,756.0,818.0,97.13690987303269,6.617094123722594
44,580.103931427002,357.2607135772705,740.5365371704102,538.4135591983795,559.9903678894043,752.0478057861328,640.8609580993652,365.04321813583374,756.137523651123,541.2215423583984,798.0437278747559,789.7120714187622,756.0,818.0,98.269495093387,6.635916719107441
45,582.1606063842773,357.2672152519226,740.6710624694824,537.4379861354828,574.7367095947266,754.8307156562805,641.0402870178223,364.2668151855469,756.2262153625488,539.4332921504974,797.9621315002441,789.5963287353516,756.0,818.0,101.30511921538526,6.715484449802113
46,583.3967399597168,357.26006984710693,740.1249504089355,538.0468261241913,576.7799949645996,755.7744240760803,640.9308815002441,363.21489572525024,756.4000511169434,538.0069470405579,797.9939460754395,789.4163417816162,756.0,818.0,102.19903576918863,6.7323697051204014
47,584.3874549865723,357.3900067806244,743.0718040466309,520.3199458122253,589.89990234375,758.0556750297546,641.2113761901855,362.65111684799194,756.4431381225586,534.9426305294037,798.2396507263184,789.3076157569885,756.0,816.0,102.96283637106725,6.622093250059615
48,585.9444808959961,356.925265789032,742.6900291442871,517.5169193744659,600.8316421508789,762.9698467254639,641.1284065246582,359.5180821418762,756.7699813842773,530.382091999054,798.0005836486816,788.6826825141907,760.0,818.0,105.66882026043477,6.1389345738790135
49,589.4029998779297,356.33943915367126,745.2029800415039,515.7430565357208,615.3167724609375,768.3287072181702,638.466739654541,357.25520968437195,756.8484878540039,528.4645485877991,797.8558731079102,788.0605816841125,760.0,818.0,108.44159509087416,6.173331744667037
50,591.6846084594727,355.3429126739502,749.187068939209,516.1570394039154,630.8983039855957,772.2908663749695,636.2884712219238,354.76226806640625,756.9503974914551,526.3464510440826,795.4887199401855,787.46506690979,758.0,820.0,110.80743658842185,6.4237345934318215
51,592.8812026977539,354.64089274406433,750.7027244567871,515.6646823883057,632.8169631958008,775.1233434677124,635.434741973877,353.3267819881439,757.126522064209,525.4809558391571,795.1433944702148,786.9779562950134,756.0,816.0,111.14061643161232,6.5367742797517225
52,593.0278587341309,352.4316430091858,753.0874443054199,513.9709961414337,657.0364952087402,777.1095085144043,635.8835220336914,349.90126848220825,757.9482650756836,523.8608479499817,794.0365219116211,785.9295129776001,758.0,818.0,115.21051402145058,6.317209974415838
53,597.1853828430176,350.6685948371887,759.3819236755371,512.4625110626221,674.9315643310547,774.6178865432739,636.3510704040527,348.1156897544861,758.814754486084,523.5086631774902,791.1517524719238,782.5321626663208,756.0,822.0,117.07304609313094,6.6824630746823175
54,596.8921279907227,350.33778190612793,762.2967338562012,510.36659002304077,688.0673789978027,774.2370557785034,639.6687698364258,347.7567458152771,761.3924789428711,523.861620426178,790.920581817627,782.363440990448,760.0,812.0,118.34180927390494,5.889123571173569
55,596.4395141601562,350.04987359046936,762.3914337158203,505.6156361103058,696.9756889343262,775.7114553451538,644.9678993225098,347.6898944377899,767.8427696228027,523.6607122421265,791.477108001709,781.9391584396362,766.0,814.0,119.53522111622755,5.630756108147641
56,596.1810493469238,349.64152336120605,762.8683090209961,505.0120425224304,698.8974380493164,776.5530037879944,646.4447593688965,347.31550097465515,770.3274536132812,523.7527978420258,792.3181343078613,782.0968079566956,766.0,814.0,119.73123047149006,5.686681267661603
